function n = satTable()
n(1) = 0.11670521452767  * 10^4;
n(2) = -0.72421316703206 * 10^6;
n(3) = -0.17073846940092 * 10^2;
n(4) = 0.12020824702470  * 10^5;
n(5) = -0.32325550322333 * 10^7;
n(6) = 0.14915108613530  * 10^2;
n(7) = -0.48232657361591 * 10^4;
n(8) = 0.40511340542057  * 10^6;
n(9) = -0.23855557567849       ;
n(10) = 0.65017534844798 * 10^3;
